+-----------------------------------------------------------------------------------------------------------------------------------------------------------------------------------------------------------------------------------------------------------+
; Legal Partition Candidates                                                                                                                                                                                                                                ;
+------------------------------------------------------+-------+----------------+--------------+----------------+--------+-----------------+---------------+-----------------+-------+----------------+--------------+------------------+-------------------+
; Hierarchy                                            ; Input ; Constant Input ; Unused Input ; Floating Input ; Output ; Constant Output ; Unused Output ; Floating Output ; Bidir ; Constant Bidir ; Unused Bidir ; Input only Bidir ; Output only Bidir ;
+------------------------------------------------------+-------+----------------+--------------+----------------+--------+-----------------+---------------+-----------------+-------+----------------+--------------+------------------+-------------------+
; Inst_top_level|INST_CLK_GEN                          ; 9     ; 0              ; 0            ; 0              ; 1      ; 0               ; 0             ; 0               ; 0     ; 0              ; 0            ; 0                ; 0                 ;
; Inst_top_level|INST_PWM0                             ; 13    ; 3              ; 1            ; 3              ; 1      ; 3               ; 3             ; 3               ; 0     ; 0              ; 0            ; 0                ; 0                 ;
; Inst_top_level|INST_BTN1Pulse                        ; 2     ; 2              ; 0            ; 2              ; 3      ; 2               ; 2             ; 2               ; 0     ; 0              ; 0            ; 0                ; 0                 ;
; Inst_top_level|INST_DebouncedKey0                    ; 2     ; 2              ; 0            ; 2              ; 3      ; 2               ; 2             ; 2               ; 0     ; 0              ; 0            ; 0                ; 0                 ;
; Inst_top_level|Inst_Key2                             ; 2     ; 2              ; 0            ; 2              ; 3      ; 2               ; 2             ; 2               ; 0     ; 0              ; 0            ; 0                ; 0                 ;
; Inst_top_level|Inst_Key1                             ; 2     ; 2              ; 0            ; 2              ; 3      ; 2               ; 2             ; 2               ; 0     ; 0              ; 0            ; 0                ; 0                 ;
; Inst_top_level|Inst_Key0                             ; 2     ; 2              ; 0            ; 2              ; 3      ; 2               ; 2             ; 2               ; 0     ; 0              ; 0            ; 0                ; 0                 ;
; Inst_top_level|Inst_clk_Reset_Delay                  ; 1     ; 0              ; 0            ; 0              ; 1      ; 0               ; 0             ; 0               ; 0     ; 0              ; 0            ; 0                ; 0                 ;
; Inst_top_level|INST_LCD_I2C_UsrLogic|INST_I2C_master ; 19    ; 11             ; 0            ; 11             ; 10     ; 11              ; 11            ; 11              ; 2     ; 0              ; 0            ; 0                ; 0                 ;
; Inst_top_level|INST_LCD_I2C_UsrLogic                 ; 273   ; 129            ; 16           ; 129            ; 0      ; 129             ; 129           ; 129             ; 2     ; 0              ; 0            ; 0                ; 0                 ;
; Inst_top_level|INST_ADC_I2C_USRLOGIC|INST_I2C_master ; 19    ; 7              ; 0            ; 7              ; 10     ; 7               ; 7             ; 7               ; 2     ; 0              ; 0            ; 0                ; 0                 ;
; Inst_top_level|INST_ADC_I2C_USRLOGIC                 ; 3     ; 0              ; 0            ; 0              ; 8      ; 0               ; 0             ; 0               ; 2     ; 0              ; 0            ; 0                ; 0                 ;
; Inst_top_level|INST_StateMachine                     ; 6     ; 0              ; 1            ; 0              ; 2      ; 0               ; 0             ; 0               ; 0     ; 0              ; 0            ; 0                ; 0                 ;
; Inst_top_level                                       ; 4     ; 16             ; 0            ; 16             ; 35     ; 16              ; 16            ; 16              ; 4     ; 0              ; 0            ; 0                ; 0                 ;
+------------------------------------------------------+-------+----------------+--------------+----------------+--------+-----------------+---------------+-----------------+-------+----------------+--------------+------------------+-------------------+
